(kicad_pcb (version 20171130) (host pcbnew "(5.0.1)-3")

  (general
    (thickness 1.6)
    (drawings 9)
    (tracks 0)
    (zones 0)
    (modules 36)
    (nets 63)
  )

  (page A4)
  (layers
    (0 F.Cu signal)
    (31 B.Cu signal)
    (32 B.Adhes user)
    (33 F.Adhes user)
    (34 B.Paste user)
    (35 F.Paste user)
    (36 B.SilkS user)
    (37 F.SilkS user)
    (38 B.Mask user)
    (39 F.Mask user)
    (40 Dwgs.User user)
    (41 Cmts.User user)
    (42 Eco1.User user)
    (43 Eco2.User user)
    (44 Edge.Cuts user)
    (45 Margin user)
    (46 B.CrtYd user)
    (47 F.CrtYd user)
    (48 B.Fab user)
    (49 F.Fab user hide)
  )

  (setup
    (last_trace_width 0.25)
    (trace_clearance 0.13)
    (zone_clearance 0.508)
    (zone_45_only no)
    (trace_min 0.0889)
    (segment_width 0.2)
    (edge_width 0.1)
    (via_size 0.6)
    (via_drill 0.3)
    (via_min_size 0.6)
    (via_min_drill 0.2)
    (uvia_size 0.3)
    (uvia_drill 0.1)
    (uvias_allowed no)
    (uvia_min_size 0.2)
    (uvia_min_drill 0.1)
    (pcb_text_width 0.3)
    (pcb_text_size 1.5 1.5)
    (mod_edge_width 0.15)
    (mod_text_size 1 1)
    (mod_text_width 0.15)
    (pad_size 1.5 1.5)
    (pad_drill 0.6)
    (pad_to_mask_clearance 0)
    (aux_axis_origin 0 0)
    (grid_origin 105 85)
    (visible_elements FFFFFF7F)
    (pcbplotparams
      (layerselection 0x010fc_ffffffff)
      (usegerberextensions false)
      (usegerberattributes false)
      (usegerberadvancedattributes false)
      (creategerberjobfile false)
      (excludeedgelayer true)
      (linewidth 0.100000)
      (plotframeref false)
      (viasonmask false)
      (mode 1)
      (useauxorigin false)
      (hpglpennumber 1)
      (hpglpenspeed 20)
      (hpglpendiameter 15.000000)
      (psnegative false)
      (psa4output false)
      (plotreference true)
      (plotvalue true)
      (plotinvisibletext false)
      (padsonsilk false)
      (subtractmaskfromsilk false)
      (outputformat 1)
      (mirror false)
      (drillshape 1)
      (scaleselection 1)
      (outputdirectory ""))
  )

  (net 0 "")
  (net 1 +5V)
  (net 2 GND)
  (net 3 +3V3)
  (net 4 "Net-(C3-Pad1)")
  (net 5 +10V)
  (net 6 NRST)
  (net 7 "Net-(D1-Pad2)")
  (net 8 VBUS)
  (net 9 VPP)
  (net 10 "Net-(D4-Pad2)")
  (net 11 /D-)
  (net 12 /D+)
  (net 13 "Net-(J1-Pad4)")
  (net 14 MOT_OUT_1)
  (net 15 MOT_OUT_2)
  (net 16 POT)
  (net 17 SWDIO)
  (net 18 SWCLK)
  (net 19 "Net-(R2-Pad2)")
  (net 20 USB_DP)
  (net 21 USB_DN)
  (net 22 "Net-(R8-Pad1)")
  (net 23 "Net-(RV1-Pad2)")
  (net 24 "Net-(U2-Pad7)")
  (net 25 "Net-(U2-Pad8)")
  (net 26 "Net-(U2-Pad11)")
  (net 27 "Net-(U2-Pad12)")
  (net 28 "Net-(U2-Pad15)")
  (net 29 "Net-(U2-Pad16)")
  (net 30 "Net-(U2-Pad17)")
  (net 31 STBY)
  (net 32 MOT_IN_1)
  (net 33 MOT_IN_2)
  (net 34 MOT_IN_PWM)
  (net 35 "Net-(U4-Pad2)")
  (net 36 "Net-(U4-Pad3)")
  (net 37 "Net-(U4-Pad4)")
  (net 38 "Net-(U4-Pad5)")
  (net 39 "Net-(U4-Pad6)")
  (net 40 "Net-(U4-Pad14)")
  (net 41 "Net-(U4-Pad15)")
  (net 42 "Net-(U4-Pad16)")
  (net 43 "Net-(U4-Pad17)")
  (net 44 "Net-(U4-Pad19)")
  (net 45 "Net-(U4-Pad20)")
  (net 46 "Net-(U4-Pad21)")
  (net 47 "Net-(U4-Pad22)")
  (net 48 "Net-(U4-Pad25)")
  (net 49 "Net-(U4-Pad26)")
  (net 50 "Net-(U4-Pad27)")
  (net 51 "Net-(U4-Pad28)")
  (net 52 "Net-(U4-Pad29)")
  (net 53 "Net-(U4-Pad30)")
  (net 54 "Net-(U4-Pad31)")
  (net 55 "Net-(U4-Pad38)")
  (net 56 "Net-(U4-Pad39)")
  (net 57 "Net-(U4-Pad40)")
  (net 58 "Net-(U4-Pad41)")
  (net 59 "Net-(U4-Pad42)")
  (net 60 "Net-(U4-Pad43)")
  (net 61 "Net-(U4-Pad45)")
  (net 62 "Net-(U4-Pad46)")

  (net_class Default "This is the default net class."
    (clearance 0.13)
    (trace_width 0.25)
    (via_dia 0.6)
    (via_drill 0.3)
    (uvia_dia 0.3)
    (uvia_drill 0.1)
    (add_net /D+)
    (add_net /D-)
    (add_net MOT_IN_1)
    (add_net MOT_IN_2)
    (add_net MOT_IN_PWM)
    (add_net NRST)
    (add_net "Net-(C3-Pad1)")
    (add_net "Net-(D4-Pad2)")
    (add_net "Net-(J1-Pad4)")
    (add_net "Net-(R2-Pad2)")
    (add_net "Net-(R8-Pad1)")
    (add_net "Net-(RV1-Pad2)")
    (add_net "Net-(U2-Pad11)")
    (add_net "Net-(U2-Pad12)")
    (add_net "Net-(U2-Pad15)")
    (add_net "Net-(U2-Pad16)")
    (add_net "Net-(U2-Pad17)")
    (add_net "Net-(U2-Pad7)")
    (add_net "Net-(U2-Pad8)")
    (add_net "Net-(U4-Pad14)")
    (add_net "Net-(U4-Pad15)")
    (add_net "Net-(U4-Pad16)")
    (add_net "Net-(U4-Pad17)")
    (add_net "Net-(U4-Pad19)")
    (add_net "Net-(U4-Pad2)")
    (add_net "Net-(U4-Pad20)")
    (add_net "Net-(U4-Pad21)")
    (add_net "Net-(U4-Pad22)")
    (add_net "Net-(U4-Pad25)")
    (add_net "Net-(U4-Pad26)")
    (add_net "Net-(U4-Pad27)")
    (add_net "Net-(U4-Pad28)")
    (add_net "Net-(U4-Pad29)")
    (add_net "Net-(U4-Pad3)")
    (add_net "Net-(U4-Pad30)")
    (add_net "Net-(U4-Pad31)")
    (add_net "Net-(U4-Pad38)")
    (add_net "Net-(U4-Pad39)")
    (add_net "Net-(U4-Pad4)")
    (add_net "Net-(U4-Pad40)")
    (add_net "Net-(U4-Pad41)")
    (add_net "Net-(U4-Pad42)")
    (add_net "Net-(U4-Pad43)")
    (add_net "Net-(U4-Pad45)")
    (add_net "Net-(U4-Pad46)")
    (add_net "Net-(U4-Pad5)")
    (add_net "Net-(U4-Pad6)")
    (add_net POT)
    (add_net STBY)
    (add_net SWCLK)
    (add_net SWDIO)
    (add_net USB_DN)
    (add_net USB_DP)
    (add_net VPP)
  )

  (net_class Power ""
    (clearance 0.13)
    (trace_width 0.4)
    (via_dia 0.8)
    (via_drill 0.4)
    (uvia_dia 0.3)
    (uvia_drill 0.1)
    (add_net +10V)
    (add_net +3V3)
    (add_net +5V)
    (add_net GND)
    (add_net MOT_OUT_1)
    (add_net MOT_OUT_2)
    (add_net "Net-(D1-Pad2)")
    (add_net VBUS)
  )

  (module Capacitor_SMD:C_1206_3216Metric_Pad1.42x1.75mm_HandSolder (layer F.Cu) (tedit 5B301BBE) (tstamp 5C11C2EC)
    (at 137.964001 45.955001)
    (descr "Capacitor SMD 1206 (3216 Metric), square (rectangular) end terminal, IPC_7351 nominal with elongated pad for handsoldering. (Body size source: http://www.tortai-tech.com/upload/download/2011102023233369053.pdf), generated with kicad-footprint-generator")
    (tags "capacitor handsolder")
    (path /5BD36320)
    (attr smd)
    (fp_text reference C1 (at 0 -1.82) (layer F.SilkS)
      (effects (font (size 1 1) (thickness 0.15)))
    )
    (fp_text value 10µ (at 0 1.82) (layer F.Fab)
      (effects (font (size 1 1) (thickness 0.15)))
    )
    (fp_text user %R (at 0 0) (layer F.Fab)
      (effects (font (size 0.8 0.8) (thickness 0.12)))
    )
    (fp_line (start 2.45 1.12) (end -2.45 1.12) (layer F.CrtYd) (width 0.05))
    (fp_line (start 2.45 -1.12) (end 2.45 1.12) (layer F.CrtYd) (width 0.05))
    (fp_line (start -2.45 -1.12) (end 2.45 -1.12) (layer F.CrtYd) (width 0.05))
    (fp_line (start -2.45 1.12) (end -2.45 -1.12) (layer F.CrtYd) (width 0.05))
    (fp_line (start -0.602064 0.91) (end 0.602064 0.91) (layer F.SilkS) (width 0.12))
    (fp_line (start -0.602064 -0.91) (end 0.602064 -0.91) (layer F.SilkS) (width 0.12))
    (fp_line (start 1.6 0.8) (end -1.6 0.8) (layer F.Fab) (width 0.1))
    (fp_line (start 1.6 -0.8) (end 1.6 0.8) (layer F.Fab) (width 0.1))
    (fp_line (start -1.6 -0.8) (end 1.6 -0.8) (layer F.Fab) (width 0.1))
    (fp_line (start -1.6 0.8) (end -1.6 -0.8) (layer F.Fab) (width 0.1))
    (pad 2 smd roundrect (at 1.4875 0) (size 1.425 1.75) (layers F.Cu F.Paste F.Mask) (roundrect_rratio 0.175439)
      (net 1 +5V))
    (pad 1 smd roundrect (at -1.4875 0) (size 1.425 1.75) (layers F.Cu F.Paste F.Mask) (roundrect_rratio 0.175439)
      (net 2 GND))
    (model ${KISYS3DMOD}/Capacitor_SMD.3dshapes/C_1206_3216Metric.wrl
      (at (xyz 0 0 0))
      (scale (xyz 1 1 1))
      (rotate (xyz 0 0 0))
    )
  )

  (module Capacitor_SMD:C_1206_3216Metric_Pad1.42x1.75mm_HandSolder (layer F.Cu) (tedit 5B301BBE) (tstamp 5C11C2FD)
    (at 142.914001 45.955001)
    (descr "Capacitor SMD 1206 (3216 Metric), square (rectangular) end terminal, IPC_7351 nominal with elongated pad for handsoldering. (Body size source: http://www.tortai-tech.com/upload/download/2011102023233369053.pdf), generated with kicad-footprint-generator")
    (tags "capacitor handsolder")
    (path /5BD36275)
    (attr smd)
    (fp_text reference C2 (at 0 -1.82) (layer F.SilkS)
      (effects (font (size 1 1) (thickness 0.15)))
    )
    (fp_text value 10µ (at 0 1.82) (layer F.Fab)
      (effects (font (size 1 1) (thickness 0.15)))
    )
    (fp_line (start -1.6 0.8) (end -1.6 -0.8) (layer F.Fab) (width 0.1))
    (fp_line (start -1.6 -0.8) (end 1.6 -0.8) (layer F.Fab) (width 0.1))
    (fp_line (start 1.6 -0.8) (end 1.6 0.8) (layer F.Fab) (width 0.1))
    (fp_line (start 1.6 0.8) (end -1.6 0.8) (layer F.Fab) (width 0.1))
    (fp_line (start -0.602064 -0.91) (end 0.602064 -0.91) (layer F.SilkS) (width 0.12))
    (fp_line (start -0.602064 0.91) (end 0.602064 0.91) (layer F.SilkS) (width 0.12))
    (fp_line (start -2.45 1.12) (end -2.45 -1.12) (layer F.CrtYd) (width 0.05))
    (fp_line (start -2.45 -1.12) (end 2.45 -1.12) (layer F.CrtYd) (width 0.05))
    (fp_line (start 2.45 -1.12) (end 2.45 1.12) (layer F.CrtYd) (width 0.05))
    (fp_line (start 2.45 1.12) (end -2.45 1.12) (layer F.CrtYd) (width 0.05))
    (fp_text user %R (at 0 0) (layer F.Fab)
      (effects (font (size 0.8 0.8) (thickness 0.12)))
    )
    (pad 1 smd roundrect (at -1.4875 0) (size 1.425 1.75) (layers F.Cu F.Paste F.Mask) (roundrect_rratio 0.175439)
      (net 3 +3V3))
    (pad 2 smd roundrect (at 1.4875 0) (size 1.425 1.75) (layers F.Cu F.Paste F.Mask) (roundrect_rratio 0.175439)
      (net 2 GND))
    (model ${KISYS3DMOD}/Capacitor_SMD.3dshapes/C_1206_3216Metric.wrl
      (at (xyz 0 0 0))
      (scale (xyz 1 1 1))
      (rotate (xyz 0 0 0))
    )
  )

  (module Capacitor_SMD:C_1206_3216Metric_Pad1.42x1.75mm_HandSolder (layer F.Cu) (tedit 5B301BBE) (tstamp 5C11C30E)
    (at 149.214001 39.255001)
    (descr "Capacitor SMD 1206 (3216 Metric), square (rectangular) end terminal, IPC_7351 nominal with elongated pad for handsoldering. (Body size source: http://www.tortai-tech.com/upload/download/2011102023233369053.pdf), generated with kicad-footprint-generator")
    (tags "capacitor handsolder")
    (path /5BD40CC0)
    (attr smd)
    (fp_text reference C3 (at 0 -1.82) (layer F.SilkS)
      (effects (font (size 1 1) (thickness 0.15)))
    )
    (fp_text value 470p (at 0 1.82) (layer F.Fab)
      (effects (font (size 1 1) (thickness 0.15)))
    )
    (fp_line (start -1.6 0.8) (end -1.6 -0.8) (layer F.Fab) (width 0.1))
    (fp_line (start -1.6 -0.8) (end 1.6 -0.8) (layer F.Fab) (width 0.1))
    (fp_line (start 1.6 -0.8) (end 1.6 0.8) (layer F.Fab) (width 0.1))
    (fp_line (start 1.6 0.8) (end -1.6 0.8) (layer F.Fab) (width 0.1))
    (fp_line (start -0.602064 -0.91) (end 0.602064 -0.91) (layer F.SilkS) (width 0.12))
    (fp_line (start -0.602064 0.91) (end 0.602064 0.91) (layer F.SilkS) (width 0.12))
    (fp_line (start -2.45 1.12) (end -2.45 -1.12) (layer F.CrtYd) (width 0.05))
    (fp_line (start -2.45 -1.12) (end 2.45 -1.12) (layer F.CrtYd) (width 0.05))
    (fp_line (start 2.45 -1.12) (end 2.45 1.12) (layer F.CrtYd) (width 0.05))
    (fp_line (start 2.45 1.12) (end -2.45 1.12) (layer F.CrtYd) (width 0.05))
    (fp_text user %R (at 0 0) (layer F.Fab)
      (effects (font (size 0.8 0.8) (thickness 0.12)))
    )
    (pad 1 smd roundrect (at -1.4875 0) (size 1.425 1.75) (layers F.Cu F.Paste F.Mask) (roundrect_rratio 0.175439)
      (net 4 "Net-(C3-Pad1)"))
    (pad 2 smd roundrect (at 1.4875 0) (size 1.425 1.75) (layers F.Cu F.Paste F.Mask) (roundrect_rratio 0.175439)
      (net 2 GND))
    (model ${KISYS3DMOD}/Capacitor_SMD.3dshapes/C_1206_3216Metric.wrl
      (at (xyz 0 0 0))
      (scale (xyz 1 1 1))
      (rotate (xyz 0 0 0))
    )
  )

  (module Capacitor_SMD:C_1206_3216Metric_Pad1.42x1.75mm_HandSolder (layer F.Cu) (tedit 5B301BBE) (tstamp 5C11C31F)
    (at 135.250002 110.9875 270)
    (descr "Capacitor SMD 1206 (3216 Metric), square (rectangular) end terminal, IPC_7351 nominal with elongated pad for handsoldering. (Body size source: http://www.tortai-tech.com/upload/download/2011102023233369053.pdf), generated with kicad-footprint-generator")
    (tags "capacitor handsolder")
    (path /5BE62B6A)
    (attr smd)
    (fp_text reference C4 (at 0 -1.82 270) (layer F.SilkS)
      (effects (font (size 1 1) (thickness 0.15)))
    )
    (fp_text value 100n (at 0 1.82 270) (layer F.Fab)
      (effects (font (size 1 1) (thickness 0.15)))
    )
    (fp_line (start -1.6 0.8) (end -1.6 -0.8) (layer F.Fab) (width 0.1))
    (fp_line (start -1.6 -0.8) (end 1.6 -0.8) (layer F.Fab) (width 0.1))
    (fp_line (start 1.6 -0.8) (end 1.6 0.8) (layer F.Fab) (width 0.1))
    (fp_line (start 1.6 0.8) (end -1.6 0.8) (layer F.Fab) (width 0.1))
    (fp_line (start -0.602064 -0.91) (end 0.602064 -0.91) (layer F.SilkS) (width 0.12))
    (fp_line (start -0.602064 0.91) (end 0.602064 0.91) (layer F.SilkS) (width 0.12))
    (fp_line (start -2.45 1.12) (end -2.45 -1.12) (layer F.CrtYd) (width 0.05))
    (fp_line (start -2.45 -1.12) (end 2.45 -1.12) (layer F.CrtYd) (width 0.05))
    (fp_line (start 2.45 -1.12) (end 2.45 1.12) (layer F.CrtYd) (width 0.05))
    (fp_line (start 2.45 1.12) (end -2.45 1.12) (layer F.CrtYd) (width 0.05))
    (fp_text user %R (at 0 0 270) (layer F.Fab)
      (effects (font (size 0.8 0.8) (thickness 0.12)))
    )
    (pad 1 smd roundrect (at -1.4875 0 270) (size 1.425 1.75) (layers F.Cu F.Paste F.Mask) (roundrect_rratio 0.175439)
      (net 3 +3V3))
    (pad 2 smd roundrect (at 1.4875 0 270) (size 1.425 1.75) (layers F.Cu F.Paste F.Mask) (roundrect_rratio 0.175439)
      (net 2 GND))
    (model ${KISYS3DMOD}/Capacitor_SMD.3dshapes/C_1206_3216Metric.wrl
      (at (xyz 0 0 0))
      (scale (xyz 1 1 1))
      (rotate (xyz 0 0 0))
    )
  )

  (module Capacitor_SMD:C_1206_3216Metric_Pad1.42x1.75mm_HandSolder (layer F.Cu) (tedit 5B301BBE) (tstamp 5C11C330)
    (at 142.914001 43.665001)
    (descr "Capacitor SMD 1206 (3216 Metric), square (rectangular) end terminal, IPC_7351 nominal with elongated pad for handsoldering. (Body size source: http://www.tortai-tech.com/upload/download/2011102023233369053.pdf), generated with kicad-footprint-generator")
    (tags "capacitor handsolder")
    (path /5BC3EFA6)
    (attr smd)
    (fp_text reference C5 (at 0 -1.82) (layer F.SilkS)
      (effects (font (size 1 1) (thickness 0.15)))
    )
    (fp_text value 22µ (at 0 1.82) (layer F.Fab)
      (effects (font (size 1 1) (thickness 0.15)))
    )
    (fp_line (start -1.6 0.8) (end -1.6 -0.8) (layer F.Fab) (width 0.1))
    (fp_line (start -1.6 -0.8) (end 1.6 -0.8) (layer F.Fab) (width 0.1))
    (fp_line (start 1.6 -0.8) (end 1.6 0.8) (layer F.Fab) (width 0.1))
    (fp_line (start 1.6 0.8) (end -1.6 0.8) (layer F.Fab) (width 0.1))
    (fp_line (start -0.602064 -0.91) (end 0.602064 -0.91) (layer F.SilkS) (width 0.12))
    (fp_line (start -0.602064 0.91) (end 0.602064 0.91) (layer F.SilkS) (width 0.12))
    (fp_line (start -2.45 1.12) (end -2.45 -1.12) (layer F.CrtYd) (width 0.05))
    (fp_line (start -2.45 -1.12) (end 2.45 -1.12) (layer F.CrtYd) (width 0.05))
    (fp_line (start 2.45 -1.12) (end 2.45 1.12) (layer F.CrtYd) (width 0.05))
    (fp_line (start 2.45 1.12) (end -2.45 1.12) (layer F.CrtYd) (width 0.05))
    (fp_text user %R (at 0 0) (layer F.Fab)
      (effects (font (size 0.8 0.8) (thickness 0.12)))
    )
    (pad 1 smd roundrect (at -1.4875 0) (size 1.425 1.75) (layers F.Cu F.Paste F.Mask) (roundrect_rratio 0.175439)
      (net 1 +5V))
    (pad 2 smd roundrect (at 1.4875 0) (size 1.425 1.75) (layers F.Cu F.Paste F.Mask) (roundrect_rratio 0.175439)
      (net 2 GND))
    (model ${KISYS3DMOD}/Capacitor_SMD.3dshapes/C_1206_3216Metric.wrl
      (at (xyz 0 0 0))
      (scale (xyz 1 1 1))
      (rotate (xyz 0 0 0))
    )
  )

  (module Capacitor_SMD:C_1206_3216Metric_Pad1.42x1.75mm_HandSolder (layer F.Cu) (tedit 5B301BBE) (tstamp 5C11C341)
    (at 136.424001 48.245001)
    (descr "Capacitor SMD 1206 (3216 Metric), square (rectangular) end terminal, IPC_7351 nominal with elongated pad for handsoldering. (Body size source: http://www.tortai-tech.com/upload/download/2011102023233369053.pdf), generated with kicad-footprint-generator")
    (tags "capacitor handsolder")
    (path /5BC4B7C6)
    (attr smd)
    (fp_text reference C6 (at 0 -1.82) (layer F.SilkS)
      (effects (font (size 1 1) (thickness 0.15)))
    )
    (fp_text value 22µ (at 0 1.82) (layer F.Fab)
      (effects (font (size 1 1) (thickness 0.15)))
    )
    (fp_text user %R (at 0 0) (layer F.Fab)
      (effects (font (size 0.8 0.8) (thickness 0.12)))
    )
    (fp_line (start 2.45 1.12) (end -2.45 1.12) (layer F.CrtYd) (width 0.05))
    (fp_line (start 2.45 -1.12) (end 2.45 1.12) (layer F.CrtYd) (width 0.05))
    (fp_line (start -2.45 -1.12) (end 2.45 -1.12) (layer F.CrtYd) (width 0.05))
    (fp_line (start -2.45 1.12) (end -2.45 -1.12) (layer F.CrtYd) (width 0.05))
    (fp_line (start -0.602064 0.91) (end 0.602064 0.91) (layer F.SilkS) (width 0.12))
    (fp_line (start -0.602064 -0.91) (end 0.602064 -0.91) (layer F.SilkS) (width 0.12))
    (fp_line (start 1.6 0.8) (end -1.6 0.8) (layer F.Fab) (width 0.1))
    (fp_line (start 1.6 -0.8) (end 1.6 0.8) (layer F.Fab) (width 0.1))
    (fp_line (start -1.6 -0.8) (end 1.6 -0.8) (layer F.Fab) (width 0.1))
    (fp_line (start -1.6 0.8) (end -1.6 -0.8) (layer F.Fab) (width 0.1))
    (pad 2 smd roundrect (at 1.4875 0) (size 1.425 1.75) (layers F.Cu F.Paste F.Mask) (roundrect_rratio 0.175439)
      (net 5 +10V))
    (pad 1 smd roundrect (at -1.4875 0) (size 1.425 1.75) (layers F.Cu F.Paste F.Mask) (roundrect_rratio 0.175439)
      (net 2 GND))
    (model ${KISYS3DMOD}/Capacitor_SMD.3dshapes/C_1206_3216Metric.wrl
      (at (xyz 0 0 0))
      (scale (xyz 1 1 1))
      (rotate (xyz 0 0 0))
    )
  )

  (module Capacitor_SMD:C_1206_3216Metric_Pad1.42x1.75mm_HandSolder (layer F.Cu) (tedit 5B301BBE) (tstamp 5C11C352)
    (at 150.274001 35.415001)
    (descr "Capacitor SMD 1206 (3216 Metric), square (rectangular) end terminal, IPC_7351 nominal with elongated pad for handsoldering. (Body size source: http://www.tortai-tech.com/upload/download/2011102023233369053.pdf), generated with kicad-footprint-generator")
    (tags "capacitor handsolder")
    (path /5BCB759C)
    (attr smd)
    (fp_text reference C7 (at 0 -1.82) (layer F.SilkS)
      (effects (font (size 1 1) (thickness 0.15)))
    )
    (fp_text value 100n (at 0 1.82) (layer F.Fab)
      (effects (font (size 1 1) (thickness 0.15)))
    )
    (fp_text user %R (at 0 0) (layer F.Fab)
      (effects (font (size 0.8 0.8) (thickness 0.12)))
    )
    (fp_line (start 2.45 1.12) (end -2.45 1.12) (layer F.CrtYd) (width 0.05))
    (fp_line (start 2.45 -1.12) (end 2.45 1.12) (layer F.CrtYd) (width 0.05))
    (fp_line (start -2.45 -1.12) (end 2.45 -1.12) (layer F.CrtYd) (width 0.05))
    (fp_line (start -2.45 1.12) (end -2.45 -1.12) (layer F.CrtYd) (width 0.05))
    (fp_line (start -0.602064 0.91) (end 0.602064 0.91) (layer F.SilkS) (width 0.12))
    (fp_line (start -0.602064 -0.91) (end 0.602064 -0.91) (layer F.SilkS) (width 0.12))
    (fp_line (start 1.6 0.8) (end -1.6 0.8) (layer F.Fab) (width 0.1))
    (fp_line (start 1.6 -0.8) (end 1.6 0.8) (layer F.Fab) (width 0.1))
    (fp_line (start -1.6 -0.8) (end 1.6 -0.8) (layer F.Fab) (width 0.1))
    (fp_line (start -1.6 0.8) (end -1.6 -0.8) (layer F.Fab) (width 0.1))
    (pad 2 smd roundrect (at 1.4875 0) (size 1.425 1.75) (layers F.Cu F.Paste F.Mask) (roundrect_rratio 0.175439)
      (net 2 GND))
    (pad 1 smd roundrect (at -1.4875 0) (size 1.425 1.75) (layers F.Cu F.Paste F.Mask) (roundrect_rratio 0.175439)
      (net 6 NRST))
    (model ${KISYS3DMOD}/Capacitor_SMD.3dshapes/C_1206_3216Metric.wrl
      (at (xyz 0 0 0))
      (scale (xyz 1 1 1))
      (rotate (xyz 0 0 0))
    )
  )

  (module Capacitor_SMD:C_1206_3216Metric_Pad1.42x1.75mm_HandSolder (layer F.Cu) (tedit 5B301BBE) (tstamp 5C11C363)
    (at 141.0125 106.250002)
    (descr "Capacitor SMD 1206 (3216 Metric), square (rectangular) end terminal, IPC_7351 nominal with elongated pad for handsoldering. (Body size source: http://www.tortai-tech.com/upload/download/2011102023233369053.pdf), generated with kicad-footprint-generator")
    (tags "capacitor handsolder")
    (path /5BE68B0B)
    (attr smd)
    (fp_text reference C8 (at 0 -1.82) (layer F.SilkS)
      (effects (font (size 1 1) (thickness 0.15)))
    )
    (fp_text value 100n (at 0 1.82) (layer F.Fab)
      (effects (font (size 1 1) (thickness 0.15)))
    )
    (fp_text user %R (at 0 0) (layer F.Fab)
      (effects (font (size 0.8 0.8) (thickness 0.12)))
    )
    (fp_line (start 2.45 1.12) (end -2.45 1.12) (layer F.CrtYd) (width 0.05))
    (fp_line (start 2.45 -1.12) (end 2.45 1.12) (layer F.CrtYd) (width 0.05))
    (fp_line (start -2.45 -1.12) (end 2.45 -1.12) (layer F.CrtYd) (width 0.05))
    (fp_line (start -2.45 1.12) (end -2.45 -1.12) (layer F.CrtYd) (width 0.05))
    (fp_line (start -0.602064 0.91) (end 0.602064 0.91) (layer F.SilkS) (width 0.12))
    (fp_line (start -0.602064 -0.91) (end 0.602064 -0.91) (layer F.SilkS) (width 0.12))
    (fp_line (start 1.6 0.8) (end -1.6 0.8) (layer F.Fab) (width 0.1))
    (fp_line (start 1.6 -0.8) (end 1.6 0.8) (layer F.Fab) (width 0.1))
    (fp_line (start -1.6 -0.8) (end 1.6 -0.8) (layer F.Fab) (width 0.1))
    (fp_line (start -1.6 0.8) (end -1.6 -0.8) (layer F.Fab) (width 0.1))
    (pad 2 smd roundrect (at 1.4875 0) (size 1.425 1.75) (layers F.Cu F.Paste F.Mask) (roundrect_rratio 0.175439)
      (net 2 GND))
    (pad 1 smd roundrect (at -1.4875 0) (size 1.425 1.75) (layers F.Cu F.Paste F.Mask) (roundrect_rratio 0.175439)
      (net 3 +3V3))
    (model ${KISYS3DMOD}/Capacitor_SMD.3dshapes/C_1206_3216Metric.wrl
      (at (xyz 0 0 0))
      (scale (xyz 1 1 1))
      (rotate (xyz 0 0 0))
    )
  )

  (module Capacitor_SMD:C_1206_3216Metric_Pad1.42x1.75mm_HandSolder (layer F.Cu) (tedit 5B301BBE) (tstamp 5C11C374)
    (at 123.4875 106.5 180)
    (descr "Capacitor SMD 1206 (3216 Metric), square (rectangular) end terminal, IPC_7351 nominal with elongated pad for handsoldering. (Body size source: http://www.tortai-tech.com/upload/download/2011102023233369053.pdf), generated with kicad-footprint-generator")
    (tags "capacitor handsolder")
    (path /5BE68B63)
    (attr smd)
    (fp_text reference C9 (at 0 -1.82 180) (layer F.SilkS)
      (effects (font (size 1 1) (thickness 0.15)))
    )
    (fp_text value 100n (at 0 1.82 180) (layer F.Fab)
      (effects (font (size 1 1) (thickness 0.15)))
    )
    (fp_text user %R (at 0 0 180) (layer F.Fab)
      (effects (font (size 0.8 0.8) (thickness 0.12)))
    )
    (fp_line (start 2.45 1.12) (end -2.45 1.12) (layer F.CrtYd) (width 0.05))
    (fp_line (start 2.45 -1.12) (end 2.45 1.12) (layer F.CrtYd) (width 0.05))
    (fp_line (start -2.45 -1.12) (end 2.45 -1.12) (layer F.CrtYd) (width 0.05))
    (fp_line (start -2.45 1.12) (end -2.45 -1.12) (layer F.CrtYd) (width 0.05))
    (fp_line (start -0.602064 0.91) (end 0.602064 0.91) (layer F.SilkS) (width 0.12))
    (fp_line (start -0.602064 -0.91) (end 0.602064 -0.91) (layer F.SilkS) (width 0.12))
    (fp_line (start 1.6 0.8) (end -1.6 0.8) (layer F.Fab) (width 0.1))
    (fp_line (start 1.6 -0.8) (end 1.6 0.8) (layer F.Fab) (width 0.1))
    (fp_line (start -1.6 -0.8) (end 1.6 -0.8) (layer F.Fab) (width 0.1))
    (fp_line (start -1.6 0.8) (end -1.6 -0.8) (layer F.Fab) (width 0.1))
    (pad 2 smd roundrect (at 1.4875 0 180) (size 1.425 1.75) (layers F.Cu F.Paste F.Mask) (roundrect_rratio 0.175439)
      (net 2 GND))
    (pad 1 smd roundrect (at -1.4875 0 180) (size 1.425 1.75) (layers F.Cu F.Paste F.Mask) (roundrect_rratio 0.175439)
      (net 3 +3V3))
    (model ${KISYS3DMOD}/Capacitor_SMD.3dshapes/C_1206_3216Metric.wrl
      (at (xyz 0 0 0))
      (scale (xyz 1 1 1))
      (rotate (xyz 0 0 0))
    )
  )

  (module Capacitor_SMD:C_1206_3216Metric_Pad1.42x1.75mm_HandSolder (layer F.Cu) (tedit 5B301BBE) (tstamp 5C11C385)
    (at 130.500002 93.9875 270)
    (descr "Capacitor SMD 1206 (3216 Metric), square (rectangular) end terminal, IPC_7351 nominal with elongated pad for handsoldering. (Body size source: http://www.tortai-tech.com/upload/download/2011102023233369053.pdf), generated with kicad-footprint-generator")
    (tags "capacitor handsolder")
    (path /5BE68BB7)
    (attr smd)
    (fp_text reference C10 (at 0 -1.82 270) (layer F.SilkS)
      (effects (font (size 1 1) (thickness 0.15)))
    )
    (fp_text value 4.7µ (at 0 1.82 270) (layer F.Fab)
      (effects (font (size 1 1) (thickness 0.15)))
    )
    (fp_text user %R (at 0 0 270) (layer F.Fab)
      (effects (font (size 0.8 0.8) (thickness 0.12)))
    )
    (fp_line (start 2.45 1.12) (end -2.45 1.12) (layer F.CrtYd) (width 0.05))
    (fp_line (start 2.45 -1.12) (end 2.45 1.12) (layer F.CrtYd) (width 0.05))
    (fp_line (start -2.45 -1.12) (end 2.45 -1.12) (layer F.CrtYd) (width 0.05))
    (fp_line (start -2.45 1.12) (end -2.45 -1.12) (layer F.CrtYd) (width 0.05))
    (fp_line (start -0.602064 0.91) (end 0.602064 0.91) (layer F.SilkS) (width 0.12))
    (fp_line (start -0.602064 -0.91) (end 0.602064 -0.91) (layer F.SilkS) (width 0.12))
    (fp_line (start 1.6 0.8) (end -1.6 0.8) (layer F.Fab) (width 0.1))
    (fp_line (start 1.6 -0.8) (end 1.6 0.8) (layer F.Fab) (width 0.1))
    (fp_line (start -1.6 -0.8) (end 1.6 -0.8) (layer F.Fab) (width 0.1))
    (fp_line (start -1.6 0.8) (end -1.6 -0.8) (layer F.Fab) (width 0.1))
    (pad 2 smd roundrect (at 1.4875 0 270) (size 1.425 1.75) (layers F.Cu F.Paste F.Mask) (roundrect_rratio 0.175439)
      (net 2 GND))
    (pad 1 smd roundrect (at -1.4875 0 270) (size 1.425 1.75) (layers F.Cu F.Paste F.Mask) (roundrect_rratio 0.175439)
      (net 3 +3V3))
    (model ${KISYS3DMOD}/Capacitor_SMD.3dshapes/C_1206_3216Metric.wrl
      (at (xyz 0 0 0))
      (scale (xyz 1 1 1))
      (rotate (xyz 0 0 0))
    )
  )

  (module Capacitor_SMD:C_1206_3216Metric_Pad1.42x1.75mm_HandSolder (layer F.Cu) (tedit 5B301BBE) (tstamp 5C11C396)
    (at 144.264001 41.275001)
    (descr "Capacitor SMD 1206 (3216 Metric), square (rectangular) end terminal, IPC_7351 nominal with elongated pad for handsoldering. (Body size source: http://www.tortai-tech.com/upload/download/2011102023233369053.pdf), generated with kicad-footprint-generator")
    (tags "capacitor handsolder")
    (path /5BE9CDDD)
    (attr smd)
    (fp_text reference C11 (at 0 -1.82) (layer F.SilkS)
      (effects (font (size 1 1) (thickness 0.15)))
    )
    (fp_text value 100n (at 0 1.82) (layer F.Fab)
      (effects (font (size 1 1) (thickness 0.15)))
    )
    (fp_line (start -1.6 0.8) (end -1.6 -0.8) (layer F.Fab) (width 0.1))
    (fp_line (start -1.6 -0.8) (end 1.6 -0.8) (layer F.Fab) (width 0.1))
    (fp_line (start 1.6 -0.8) (end 1.6 0.8) (layer F.Fab) (width 0.1))
    (fp_line (start 1.6 0.8) (end -1.6 0.8) (layer F.Fab) (width 0.1))
    (fp_line (start -0.602064 -0.91) (end 0.602064 -0.91) (layer F.SilkS) (width 0.12))
    (fp_line (start -0.602064 0.91) (end 0.602064 0.91) (layer F.SilkS) (width 0.12))
    (fp_line (start -2.45 1.12) (end -2.45 -1.12) (layer F.CrtYd) (width 0.05))
    (fp_line (start -2.45 -1.12) (end 2.45 -1.12) (layer F.CrtYd) (width 0.05))
    (fp_line (start 2.45 -1.12) (end 2.45 1.12) (layer F.CrtYd) (width 0.05))
    (fp_line (start 2.45 1.12) (end -2.45 1.12) (layer F.CrtYd) (width 0.05))
    (fp_text user %R (at 0 0) (layer F.Fab)
      (effects (font (size 0.8 0.8) (thickness 0.12)))
    )
    (pad 1 smd roundrect (at -1.4875 0) (size 1.425 1.75) (layers F.Cu F.Paste F.Mask) (roundrect_rratio 0.175439)
      (net 1 +5V))
    (pad 2 smd roundrect (at 1.4875 0) (size 1.425 1.75) (layers F.Cu F.Paste F.Mask) (roundrect_rratio 0.175439)
      (net 2 GND))
    (model ${KISYS3DMOD}/Capacitor_SMD.3dshapes/C_1206_3216Metric.wrl
      (at (xyz 0 0 0))
      (scale (xyz 1 1 1))
      (rotate (xyz 0 0 0))
    )
  )

  (module Capacitor_SMD:C_1206_3216Metric_Pad1.42x1.75mm_HandSolder (layer F.Cu) (tedit 5B301BBE) (tstamp 5C11C3A7)
    (at 137.964001 43.665001)
    (descr "Capacitor SMD 1206 (3216 Metric), square (rectangular) end terminal, IPC_7351 nominal with elongated pad for handsoldering. (Body size source: http://www.tortai-tech.com/upload/download/2011102023233369053.pdf), generated with kicad-footprint-generator")
    (tags "capacitor handsolder")
    (path /5BD9166F)
    (attr smd)
    (fp_text reference C13 (at 0 -1.82) (layer F.SilkS)
      (effects (font (size 1 1) (thickness 0.15)))
    )
    (fp_text value 100nF (at 0 1.82) (layer F.Fab)
      (effects (font (size 1 1) (thickness 0.15)))
    )
    (fp_text user %R (at 0 0) (layer F.Fab)
      (effects (font (size 0.8 0.8) (thickness 0.12)))
    )
    (fp_line (start 2.45 1.12) (end -2.45 1.12) (layer F.CrtYd) (width 0.05))
    (fp_line (start 2.45 -1.12) (end 2.45 1.12) (layer F.CrtYd) (width 0.05))
    (fp_line (start -2.45 -1.12) (end 2.45 -1.12) (layer F.CrtYd) (width 0.05))
    (fp_line (start -2.45 1.12) (end -2.45 -1.12) (layer F.CrtYd) (width 0.05))
    (fp_line (start -0.602064 0.91) (end 0.602064 0.91) (layer F.SilkS) (width 0.12))
    (fp_line (start -0.602064 -0.91) (end 0.602064 -0.91) (layer F.SilkS) (width 0.12))
    (fp_line (start 1.6 0.8) (end -1.6 0.8) (layer F.Fab) (width 0.1))
    (fp_line (start 1.6 -0.8) (end 1.6 0.8) (layer F.Fab) (width 0.1))
    (fp_line (start -1.6 -0.8) (end 1.6 -0.8) (layer F.Fab) (width 0.1))
    (fp_line (start -1.6 0.8) (end -1.6 -0.8) (layer F.Fab) (width 0.1))
    (pad 2 smd roundrect (at 1.4875 0) (size 1.425 1.75) (layers F.Cu F.Paste F.Mask) (roundrect_rratio 0.175439)
      (net 5 +10V))
    (pad 1 smd roundrect (at -1.4875 0) (size 1.425 1.75) (layers F.Cu F.Paste F.Mask) (roundrect_rratio 0.175439)
      (net 2 GND))
    (model ${KISYS3DMOD}/Capacitor_SMD.3dshapes/C_1206_3216Metric.wrl
      (at (xyz 0 0 0))
      (scale (xyz 1 1 1))
      (rotate (xyz 0 0 0))
    )
  )

  (module Capacitor_Tantalum_SMD:CP_EIA-7343-15_Kemet-W (layer F.Cu) (tedit 5B301BBE) (tstamp 5C11C3BA)
    (at 122.75 45.5)
    (descr "Tantalum Capacitor SMD Kemet-W (7343-15 Metric), IPC_7351 nominal, (Body size from: http://www.kemet.com/Lists/ProductCatalog/Attachments/253/KEM_TC101_STD.pdf), generated with kicad-footprint-generator")
    (tags "capacitor tantalum")
    (path /5BD914EE)
    (attr smd)
    (fp_text reference C14 (at 0 -3.1) (layer F.SilkS)
      (effects (font (size 1 1) (thickness 0.15)))
    )
    (fp_text value 10µ (at 0 3.1) (layer F.Fab)
      (effects (font (size 1 1) (thickness 0.15)))
    )
    (fp_line (start 3.65 -2.15) (end -2.65 -2.15) (layer F.Fab) (width 0.1))
    (fp_line (start -2.65 -2.15) (end -3.65 -1.15) (layer F.Fab) (width 0.1))
    (fp_line (start -3.65 -1.15) (end -3.65 2.15) (layer F.Fab) (width 0.1))
    (fp_line (start -3.65 2.15) (end 3.65 2.15) (layer F.Fab) (width 0.1))
    (fp_line (start 3.65 2.15) (end 3.65 -2.15) (layer F.Fab) (width 0.1))
    (fp_line (start 3.65 -2.26) (end -4.41 -2.26) (layer F.SilkS) (width 0.12))
    (fp_line (start -4.41 -2.26) (end -4.41 2.26) (layer F.SilkS) (width 0.12))
    (fp_line (start -4.41 2.26) (end 3.65 2.26) (layer F.SilkS) (width 0.12))
    (fp_line (start -4.4 2.4) (end -4.4 -2.4) (layer F.CrtYd) (width 0.05))
    (fp_line (start -4.4 -2.4) (end 4.4 -2.4) (layer F.CrtYd) (width 0.05))
    (fp_line (start 4.4 -2.4) (end 4.4 2.4) (layer F.CrtYd) (width 0.05))
    (fp_line (start 4.4 2.4) (end -4.4 2.4) (layer F.CrtYd) (width 0.05))
    (fp_text user %R (at 0 0) (layer F.Fab)
      (effects (font (size 1 1) (thickness 0.15)))
    )
    (pad 1 smd roundrect (at -3.1125 0) (size 2.075 2.55) (layers F.Cu F.Paste F.Mask) (roundrect_rratio 0.120482)
      (net 5 +10V))
    (pad 2 smd roundrect (at 3.1125 0) (size 2.075 2.55) (layers F.Cu F.Paste F.Mask) (roundrect_rratio 0.120482)
      (net 2 GND))
    (model ${KISYS3DMOD}/Capacitor_Tantalum_SMD.3dshapes/CP_EIA-7343-15_Kemet-W.wrl
      (at (xyz 0 0 0))
      (scale (xyz 1 1 1))
      (rotate (xyz 0 0 0))
    )
  )

  (module Diode_SMD:D_SMA_Handsoldering (layer F.Cu) (tedit 58643398) (tstamp 5C11C3D2)
    (at 136.024001 32.305001)
    (descr "Diode SMA (DO-214AC) Handsoldering")
    (tags "Diode SMA (DO-214AC) Handsoldering")
    (path /5BC3AFD7)
    (attr smd)
    (fp_text reference D1 (at 0 -2.5) (layer F.SilkS)
      (effects (font (size 1 1) (thickness 0.15)))
    )
    (fp_text value 1N4001 (at 0 2.6) (layer F.Fab)
      (effects (font (size 1 1) (thickness 0.15)))
    )
    (fp_text user %R (at 0 -2.5) (layer F.Fab)
      (effects (font (size 1 1) (thickness 0.15)))
    )
    (fp_line (start -4.4 -1.65) (end -4.4 1.65) (layer F.SilkS) (width 0.12))
    (fp_line (start 2.3 1.5) (end -2.3 1.5) (layer F.Fab) (width 0.1))
    (fp_line (start -2.3 1.5) (end -2.3 -1.5) (layer F.Fab) (width 0.1))
    (fp_line (start 2.3 -1.5) (end 2.3 1.5) (layer F.Fab) (width 0.1))
    (fp_line (start 2.3 -1.5) (end -2.3 -1.5) (layer F.Fab) (width 0.1))
    (fp_line (start -4.5 -1.75) (end 4.5 -1.75) (layer F.CrtYd) (width 0.05))
    (fp_line (start 4.5 -1.75) (end 4.5 1.75) (layer F.CrtYd) (width 0.05))
    (fp_line (start 4.5 1.75) (end -4.5 1.75) (layer F.CrtYd) (width 0.05))
    (fp_line (start -4.5 1.75) (end -4.5 -1.75) (layer F.CrtYd) (width 0.05))
    (fp_line (start -0.64944 0.00102) (end -1.55114 0.00102) (layer F.Fab) (width 0.1))
    (fp_line (start 0.50118 0.00102) (end 1.4994 0.00102) (layer F.Fab) (width 0.1))
    (fp_line (start -0.64944 -0.79908) (end -0.64944 0.80112) (layer F.Fab) (width 0.1))
    (fp_line (start 0.50118 0.75032) (end 0.50118 -0.79908) (layer F.Fab) (width 0.1))
    (fp_line (start -0.64944 0.00102) (end 0.50118 0.75032) (layer F.Fab) (width 0.1))
    (fp_line (start -0.64944 0.00102) (end 0.50118 -0.79908) (layer F.Fab) (width 0.1))
    (fp_line (start -4.4 1.65) (end 2.5 1.65) (layer F.SilkS) (width 0.12))
    (fp_line (start -4.4 -1.65) (end 2.5 -1.65) (layer F.SilkS) (width 0.12))
    (pad 1 smd rect (at -2.5 0) (size 3.5 1.8) (layers F.Cu F.Paste F.Mask)
      (net 5 +10V))
    (pad 2 smd rect (at 2.5 0) (size 3.5 1.8) (layers F.Cu F.Paste F.Mask)
      (net 7 "Net-(D1-Pad2)"))
    (model ${KISYS3DMOD}/Diode_SMD.3dshapes/D_SMA.wrl
      (at (xyz 0 0 0))
      (scale (xyz 1 1 1))
      (rotate (xyz 0 0 0))
    )
  )

  (module Diode_SMD:D_SMA_Handsoldering (layer F.Cu) (tedit 58643398) (tstamp 5C11C3EA)
    (at 120.5 69.5 180)
    (descr "Diode SMA (DO-214AC) Handsoldering")
    (tags "Diode SMA (DO-214AC) Handsoldering")
    (path /5BD988B7)
    (attr smd)
    (fp_text reference D2 (at 0 -2.5 180) (layer F.SilkS)
      (effects (font (size 1 1) (thickness 0.15)))
    )
    (fp_text value 1N4001 (at 0 2.6 180) (layer F.Fab)
      (effects (font (size 1 1) (thickness 0.15)))
    )
    (fp_text user %R (at 0 -2.5 180) (layer F.Fab)
      (effects (font (size 1 1) (thickness 0.15)))
    )
    (fp_line (start -4.4 -1.65) (end -4.4 1.65) (layer F.SilkS) (width 0.12))
    (fp_line (start 2.3 1.5) (end -2.3 1.5) (layer F.Fab) (width 0.1))
    (fp_line (start -2.3 1.5) (end -2.3 -1.5) (layer F.Fab) (width 0.1))
    (fp_line (start 2.3 -1.5) (end 2.3 1.5) (layer F.Fab) (width 0.1))
    (fp_line (start 2.3 -1.5) (end -2.3 -1.5) (layer F.Fab) (width 0.1))
    (fp_line (start -4.5 -1.75) (end 4.5 -1.75) (layer F.CrtYd) (width 0.05))
    (fp_line (start 4.5 -1.75) (end 4.5 1.75) (layer F.CrtYd) (width 0.05))
    (fp_line (start 4.5 1.75) (end -4.5 1.75) (layer F.CrtYd) (width 0.05))
    (fp_line (start -4.5 1.75) (end -4.5 -1.75) (layer F.CrtYd) (width 0.05))
    (fp_line (start -0.64944 0.00102) (end -1.55114 0.00102) (layer F.Fab) (width 0.1))
    (fp_line (start 0.50118 0.00102) (end 1.4994 0.00102) (layer F.Fab) (width 0.1))
    (fp_line (start -0.64944 -0.79908) (end -0.64944 0.80112) (layer F.Fab) (width 0.1))
    (fp_line (start 0.50118 0.75032) (end 0.50118 -0.79908) (layer F.Fab) (width 0.1))
    (fp_line (start -0.64944 0.00102) (end 0.50118 0.75032) (layer F.Fab) (width 0.1))
    (fp_line (start -0.64944 0.00102) (end 0.50118 -0.79908) (layer F.Fab) (width 0.1))
    (fp_line (start -4.4 1.65) (end 2.5 1.65) (layer F.SilkS) (width 0.12))
    (fp_line (start -4.4 -1.65) (end 2.5 -1.65) (layer F.SilkS) (width 0.12))
    (pad 1 smd rect (at -2.5 0 180) (size 3.5 1.8) (layers F.Cu F.Paste F.Mask)
      (net 1 +5V))
    (pad 2 smd rect (at 2.5 0 180) (size 3.5 1.8) (layers F.Cu F.Paste F.Mask)
      (net 8 VBUS))
    (model ${KISYS3DMOD}/Diode_SMD.3dshapes/D_SMA.wrl
      (at (xyz 0 0 0))
      (scale (xyz 1 1 1))
      (rotate (xyz 0 0 0))
    )
  )

  (module Diode_SMD:D_SMA_Handsoldering (layer F.Cu) (tedit 58643398) (tstamp 5C11C402)
    (at 145 69.5)
    (descr "Diode SMA (DO-214AC) Handsoldering")
    (tags "Diode SMA (DO-214AC) Handsoldering")
    (path /5BD9896F)
    (attr smd)
    (fp_text reference D3 (at 0 -2.5) (layer F.SilkS)
      (effects (font (size 1 1) (thickness 0.15)))
    )
    (fp_text value 1N4001 (at 0 2.6) (layer F.Fab)
      (effects (font (size 1 1) (thickness 0.15)))
    )
    (fp_line (start -4.4 -1.65) (end 2.5 -1.65) (layer F.SilkS) (width 0.12))
    (fp_line (start -4.4 1.65) (end 2.5 1.65) (layer F.SilkS) (width 0.12))
    (fp_line (start -0.64944 0.00102) (end 0.50118 -0.79908) (layer F.Fab) (width 0.1))
    (fp_line (start -0.64944 0.00102) (end 0.50118 0.75032) (layer F.Fab) (width 0.1))
    (fp_line (start 0.50118 0.75032) (end 0.50118 -0.79908) (layer F.Fab) (width 0.1))
    (fp_line (start -0.64944 -0.79908) (end -0.64944 0.80112) (layer F.Fab) (width 0.1))
    (fp_line (start 0.50118 0.00102) (end 1.4994 0.00102) (layer F.Fab) (width 0.1))
    (fp_line (start -0.64944 0.00102) (end -1.55114 0.00102) (layer F.Fab) (width 0.1))
    (fp_line (start -4.5 1.75) (end -4.5 -1.75) (layer F.CrtYd) (width 0.05))
    (fp_line (start 4.5 1.75) (end -4.5 1.75) (layer F.CrtYd) (width 0.05))
    (fp_line (start 4.5 -1.75) (end 4.5 1.75) (layer F.CrtYd) (width 0.05))
    (fp_line (start -4.5 -1.75) (end 4.5 -1.75) (layer F.CrtYd) (width 0.05))
    (fp_line (start 2.3 -1.5) (end -2.3 -1.5) (layer F.Fab) (width 0.1))
    (fp_line (start 2.3 -1.5) (end 2.3 1.5) (layer F.Fab) (width 0.1))
    (fp_line (start -2.3 1.5) (end -2.3 -1.5) (layer F.Fab) (width 0.1))
    (fp_line (start 2.3 1.5) (end -2.3 1.5) (layer F.Fab) (width 0.1))
    (fp_line (start -4.4 -1.65) (end -4.4 1.65) (layer F.SilkS) (width 0.12))
    (fp_text user %R (at 0 -2.5) (layer F.Fab)
      (effects (font (size 1 1) (thickness 0.15)))
    )
    (pad 2 smd rect (at 2.5 0) (size 3.5 1.8) (layers F.Cu F.Paste F.Mask)
      (net 9 VPP))
    (pad 1 smd rect (at -2.5 0) (size 3.5 1.8) (layers F.Cu F.Paste F.Mask)
      (net 1 +5V))
    (model ${KISYS3DMOD}/Diode_SMD.3dshapes/D_SMA.wrl
      (at (xyz 0 0 0))
      (scale (xyz 1 1 1))
      (rotate (xyz 0 0 0))
    )
  )

  (module LED_SMD:LED_1206_3216Metric_Pad1.42x1.75mm_HandSolder (layer F.Cu) (tedit 5B4B45C9) (tstamp 5C11C415)
    (at 145.9875 63)
    (descr "LED SMD 1206 (3216 Metric), square (rectangular) end terminal, IPC_7351 nominal, (Body size source: http://www.tortai-tech.com/upload/download/2011102023233369053.pdf), generated with kicad-footprint-generator")
    (tags "LED handsolder")
    (path /5BDBF1C4)
    (attr smd)
    (fp_text reference D4 (at 0 -1.82) (layer F.SilkS)
      (effects (font (size 1 1) (thickness 0.15)))
    )
    (fp_text value POWER_LED (at 0 1.82) (layer F.Fab)
      (effects (font (size 1 1) (thickness 0.15)))
    )
    (fp_line (start 1.6 -0.8) (end -1.2 -0.8) (layer F.Fab) (width 0.1))
    (fp_line (start -1.2 -0.8) (end -1.6 -0.4) (layer F.Fab) (width 0.1))
    (fp_line (start -1.6 -0.4) (end -1.6 0.8) (layer F.Fab) (width 0.1))
    (fp_line (start -1.6 0.8) (end 1.6 0.8) (layer F.Fab) (width 0.1))
    (fp_line (start 1.6 0.8) (end 1.6 -0.8) (layer F.Fab) (width 0.1))
    (fp_line (start 1.6 -1.135) (end -2.46 -1.135) (layer F.SilkS) (width 0.12))
    (fp_line (start -2.46 -1.135) (end -2.46 1.135) (layer F.SilkS) (width 0.12))
    (fp_line (start -2.46 1.135) (end 1.6 1.135) (layer F.SilkS) (width 0.12))
    (fp_line (start -2.45 1.12) (end -2.45 -1.12) (layer F.CrtYd) (width 0.05))
